2 10100001000001111100001010100001011000100101000101001010100001 + 0010101010100111110101101010101010111111111111111111
2 0101011101110111111110000100100100101111100110011010 - 100000011001001001000010111110000100011110010
2 0001001110011111000100011111000111000110100101011101 * 101010111010111100011001100101101011101011101
2 10111000011111110111100111110101110101101111101011 / 11010110110111011010001011100101010
2 1001000110110010111101010101100 & 10101101010111110011101001101010
2 1000011110011110011010100101101 | 100100100001101000001000111000
2 0101111110111011000011000111101 ^ 011101111011111010011110000011
2 001110000111010100110000101101 ~
2 1111011011100101110110101101110101101110110101101011111011100101101 >> 18
2 111111100011001000101010010100101010010100101000100101001100100100 << 23
2 111010011010000101001111101010101011010000110101110101101010111010 ror 20
2 0110101110101010111111010101100011011010101111100110111111111100110 rol 26
2 111011101010011011101110110110111011110101011111010111011 < 11110100011100011100001110011010110011011
2 111011101010011011101110110110111011110101011111010111011 > 11110100011100011100001110011010110011011
2 111011101010011011101110110110111011110101011111010111011 <= 11110100011100011100001110011010110011011
2 111011101010011011101110110110111011110101011111010111011 >= 11110100011100011100001110011010110011011
2 111011101010011011101110110110111011110101011111010111011 == 11110100011100011100001110011010110011011
2 111011101010011011101110110110111011110101011111010111011 == 111011101010011011101110110110111011110101011111010111011
2 10 101111101101101101111001000011101101011111001110011011001
2 10 11101101111111001000001110101111101010111111101010101011101011101011111000111101010111101010101111101
2 10 1010000001111110001010110010100101100010001000011110000010000000000000101010101010101010101111001111111000000001110001110001100
2 16 101111101101101101111001000011101101011111001110011011001
2 16 11101101111111001000001110101111101010111111101010101011101011101011111000111101010111101010101111101
2 16 1010000001111110001010110010100101100010001000011110000010000000000000101010101010101010101111001111111000000001110001110001100